# Best wordle words according to wordle_solver_2.1.1_best_word.py
# Ran on August 19, 2023

RAISE: 2253.9991360691147
ARISE: 2251.2742980561557
IRATE: 2251.220734341253
AROSE: 2248.9788336933048
ALTER: 2245.0082073434123
SANER: 2244.8742980561556
LATER: 2244.7766738660907
SNARE: 2243.902375809935
STARE: 2243.7053995680344
SLATE: 2243.4272138228944
ALERT: 2243.4012958963285
CRATE: 2242.1002159827212
TRACE: 2240.97969762419
STALE: 2239.3961123110153
AISLE: 2238.811231101512
LEARN: 2238.35939524838
ALONE: 2237.836717062635
LEANT: 2237.7399568034557
LEAST: 2236.8103671706263
CRANE: 2236.258315334773
ATONE: 2236.04060475162
TRAIL: 2235.5524838012957
REACT: 2235.1697624190065
SCARE: 2234.3196544276457
CATER: 2234.17969762419
TRADE: 2234.068250539957
RENAL: 2233.841900647948
STORE: 2233.7805615550756
SNORE: 2232.3974082073432
SOLAR: 2232.166738660907